INITIAL MESSAGE: message

Encryption Duration: 0.03secs
meanR: 52.95627916666667
meanG: 56.401075
meanB: 42.23277083333333
meanA: 254.99687083333333
MSE_R: 0.06048333333333333
MSE_G: 0.05936666666666667
MSE_B: 0.061075000000000004
MSE_A: 0.1642875
PSNR_R: 60.314446430509975
PSNR_B: 60.314446430509975
PSNR_G: 60.314446430509975
PSNR_A: 55.97475839962016
SSIM: -2.587418740045107E-11
DSSIM: 0.500000000025874
Output Message: message

Worked: true
Duration: 3.371 seconds
