Message Length: 26
INITIAL MESSAGE: This is a sample message.

Encryption Duration: 1.54secs
Compression avaliable: false
meanDiffR: 0.00295675611332058
meanDiffG: 8.800122436554147E-4
meanDiffB: 0.008976550011908557
meanDiffA: 0.004871951841636246
MSE_R: 0.5642557732204196
MSE_G: 0.2792869775193007
MSE_B: 1.7621990103050709
MSE_A: 0.24421827704655985
PSNR_R: 50.61604349582542
PSNR_B: 50.61604349582542
PSNR_G: 50.61604349582542
PSNR_A: 54.25302197887067
SSIM: -1.4312105247956562E-11
DSSIM: 0.5000000000143123
Output Message: This is a sample message.

Worked: true
Duration: 29.862 seconds
