INITIAL MESSAGE: message

Encryption Duration: 0.438secs
meanR: 140.63585068184238
meanG: 141.96280365363725
meanB: 128.30554345757156
meanA: 254.99965388243893
MSE_R: 3.2583903551645487E-4
MSE_G: 2.7007309025833457E-4
MSE_B: 3.161606483228968E-4
MSE_A: 0.018171863269276237
PSNR_R: 83.00077249299733
PSNR_B: 83.00077249299733
PSNR_G: 83.00077249299733
PSNR_A: 65.53680900479132
SSIM: -5.7185121448345E-13
DSSIM: 0.5000000000005719
Output Message: message

Worked: true
Duration: 24.239 seconds
