meanR: 140.63585068184238
meanG: 141.9628073406419
meanB: 128.30554161406923
PSNR: 3.694650332336666
MESSAGE: this is a message

